47.62278317949423 3048.229915110839
49.27715125290295 9666.358610823072
71.34337753189959 9405.476839391717
27.221855023139707 4343.800830830878
31.041965469427527 4016.7872617603443
41.08999261774101 12068.407175398632
54.112892593823744 5536.954979638101
17.477555963811184 3204.5773978502584
46.27907378291209 11045.023183970921
40.80460225777512 2258.0263913804915
72.33623394054416 9460.972099509097
46.57461310451817 2565.481954722949
58.44762977087817 10670.555278625878
38.294164397545714 5535.681934125498
39.942726302801624 1329.3643254814472
31.972819567394918 7312.206162078954
51.40225022714608 4864.560692371491
61.82145147027528 10348.990505051013
28.273023283083223 7979.740540890007
68.23852247947445 8893.635467822443
65.70443039261531 4028.9619630018633
36.247922798861445 7560.829655391863
43.88389146066132 2009.0757968594016
56.44165462075151 5260.937484531385
64.92916803233022 2411.6242875931207
28.082650393891893 8697.493630053525
47.162269793502695 6544.265679912661
20.54593413935732 11039.763443327889
20.097326932274903 7443.528239665558
41.07224495540115 10823.298998649598
28.573339612985126 2683.7442636650267
52.97917501718493 1609.8434051183383
58.2118408544634 4918.873650436448
24.41995502012896 4062.947640237987
62.283966068770845 5717.6425330127595
66.12257196404096 9390.21231353483
30.883054131405714 5852.20586452456
52.22167786401962 5046.808773726011
47.973865238053484 6989.485936654199
25.243570230598728 3393.070357188298
35.02670843743032 5094.116661720595
41.04090627189555 9933.45695945585
22.70253694496061 5673.303223288232
36.7122475128246 5512.9663660842125
37.83979397855664 4847.286603738208
42.93752991920475 4429.856429284626
42.502609057260564 3375.9763729311467
48.57532979246154 9470.124490192522
27.012628319990114 5880.346981860896
36.40089780502062 10413.169431443335
28.86612575782964 4156.138775417145
31.245397612097534 5036.043529027217
54.191681827657476 7781.441576390647
55.96099343546532 8038.242987837559
45.68219169850633 2199.343719676265
56.513219855482966 2934.8421901847605
20.508497075676928 8310.322156708087
42.54683663369038 6199.958072963913
47.91529873614776 9669.895410950483
66.60039593738111 11009.098759010283
74.54992516742678 9365.156686328979
49.58684023851904 11710.208839099458
46.56725508370421 4816.454656017819
26.97912560995517 7647.063498372038
45 2633.3052614537496
49.927890510735914 6018.4467986628615
31.69047824111322 1093.989404889702
26.04687262440393 7062.082824832904
40.175209897595124 6233.58300153257
54.986415642641084 10272.90967386542
41.92824503574941 7154.387231947942
58.28201383637197 3542.268126635094
46.85541701157453 5723.387837876525
66.86669591837007 2122.972364555058
37.95045460970648 5814.479352311502
47.121547796140355 3632.230363221193
43.91553752517092 2418.853760096979
46.54468800334532 6588.622535534353
38.53770311088866 8386.069712777893
40.7758125935169 13742.612775155794
22.06248813993532 6297.622031014107
40.266461666290716 1626.4659216175908
29.11490859588413 5156.481312725891
42.5372421224117 2185.5811898224874
48.9845710212247 11545.633689944743
68.17202231483876 10354.569210477213
35.8666246023959 1130.1926131284981
31.52843769992335 2916.0909353998186
27.553632243721307 7641.559349525818
22.519699203941155 5225.552876451673
62.87534733614867 7523.204837671379
36.60618762116519 12129.031010407964
35.058888694443596 4407.926248668771
57.130114353301515 3987.9113452294428
31.734534262787566 1027.674632326818
60.02439351795449 1263.2152852374954
40.317546695524655 664.3254457371695
47.86379861731027 6022.24381545784
72.29188749970817 1800.9850783888285
47.001331987743995 5087.809677052175
